[wooden_table_02_ao_4k.jpg]
filters=Vignette=1,35.000000,1.400000,0.000000,00000000;
moddate=6ac1696a4749d901
width=4096
height=4096
textactive=0
